ROOM ACOUSTICAL PARAMETERS

F (Hz)    T30 (s)   rT30      T20 (s)   rT20      T10 (s)   rT10      EDT (s)   C80 (dB)  C50 (dB)  D50 (%)   Ts (ms)   BR        
63        1.436     -0.950    1.496     -0.966    2.020     -0.985    2.177     -1.11     -5.48     22.06     158.790   1.111     
125       1.550     -0.909    1.655     -0.943    2.177     -0.977    2.275     -4.42     -5.82     20.74     184.717             
250       1.316     -0.982    1.475     -0.994    1.588     -0.981    2.546     -1.45     -2.83     34.26     157.350             
500       1.309     -0.979    1.497     -0.996    1.605     -0.995    1.412     3.15      0.57      53.29     85.559              
1000      1.216     -0.994    1.321     -0.999    1.386     -0.998    1.274     1.31      -1.51     41.42     92.765              
2000      1.148     -0.995    1.230     -1.000    1.202     -0.999    1.295     1.29      -3.43     31.23     100.424             
4000      1.082     -0.999    1.121     -1.000    1.124     -1.000    1.137     2.23      -1.17     43.28     83.174              
8000      0.967     -1.000    0.956     -1.000    0.954     -1.000    0.914     4.63      1.30      57.43     58.295              
