ROOM ACOUSTICAL PARAMETERS

F (Hz)    T30 (s)   rT30      T20 (s)   rT20      T10 (s)   rT10      EDT (s)   C80 (dB)  C50 (dB)  D50 (%)   Ts (ms)   BR        
63        2.653     -0.955    2.653     -0.955    2.927     -0.973    2.959     -9.80     -12.02    5.91      267.918   1.031     
125       1.497     -0.904    1.580     -0.922    2.273     -0.988    2.818     -2.51     -4.25     27.32     195.464             
250       1.284     -0.958    1.420     -0.990    1.576     -0.996    1.422     -0.75     -3.53     30.71     123.453             
500       1.336     -0.977    1.530     -0.996    1.570     -0.996    1.506     2.02      -1.32     42.45     103.336             
1000      1.224     -0.991    1.379     -0.998    1.403     -0.996    1.312     1.19      -1.27     42.77     94.404              
2000      1.211     -0.994    1.342     -0.999    1.306     -0.999    1.343     3.09      0.67      53.84     80.246              
4000      1.136     -0.998    1.191     -1.000    1.242     -0.999    1.200     3.00      0.83      54.78     75.939              
8000      0.987     -1.000    0.981     -0.999    0.950     -0.999    0.977     3.99      1.26      57.20     65.689              
