ROOM ACOUSTICAL PARAMETERS

F (Hz)    T30 (s)   rT30      T20 (s)   rT20      T10 (s)   rT10      EDT (s)   C80 (dB)  C50 (dB)  D50 (%)   Ts (ms)   BR        
63        1.187     -0.903    1.304     -0.926    1.802     -0.987    1.751     -0.88     -5.35     22.59     159.336   1.131     
125       1.328     -0.936    1.598     -0.973    1.991     -0.989    2.248     -4.00     -4.80     24.89     178.851             
250       1.454     -0.956    1.663     -0.986    2.030     -0.991    2.350     -0.60     -1.78     39.88     140.007             
500       1.314     -0.977    1.497     -0.990    1.802     -0.994    1.670     2.82      0.83      54.79     90.058              
1000      1.240     -0.989    1.385     -0.998    1.464     -0.997    1.547     0.17      -1.99     38.76     105.140             
2000      1.236     -0.993    1.379     -0.998    1.451     -0.999    1.476     0.53      -3.86     29.13     110.266             
4000      1.133     -0.998    1.182     -1.000    1.181     -0.999    1.224     1.60      -1.66     40.54     89.659              
8000      1.008     -1.000    1.006     -1.000    1.007     -1.000    0.979     3.99      0.82      54.72     63.210              
