ROOM ACOUSTICAL PARAMETERS

F (Hz)    T30 (s)   rT30      T20 (s)   rT20      T10 (s)   rT10      EDT (s)   C80 (dB)  C50 (dB)  D50 (%)   Ts (ms)   BR        
63        0.652     -0.872    0.673     -0.888    0.679     -0.849    0.568     -2.00     -5.47     22.11     180.525   1.104     
125       1.453     -0.971    1.514     -0.984    1.913     -0.989    2.532     -1.36     -3.00     33.39     176.950             
250       1.318     -0.963    1.550     -0.987    1.853     -0.995    1.965     -0.36     -2.51     35.92     132.861             
500       1.314     -0.989    1.469     -0.997    1.607     -0.995    1.617     -0.45     -4.17     27.66     118.110             
1000      1.184     -0.994    1.307     -0.999    1.325     -0.998    1.407     0.80      -1.81     39.74     103.121             
2000      1.131     -0.996    1.225     -0.999    1.261     -0.999    1.307     1.97      -0.25     48.57     89.472              
4000      1.099     -0.999    1.150     -1.000    1.176     -0.999    1.199     2.56      -0.22     48.73     83.873              
8000      0.972     -1.000    0.972     -0.999    0.897     -0.999    0.883     3.54      0.29      51.64     69.739              
