ROOM ACOUSTICAL PARAMETERS

F (Hz)    T30 (s)   rT30      T20 (s)   rT20      T10 (s)   rT10      EDT (s)   C80 (dB)  C50 (dB)  D50 (%)   Ts (ms)   BR        
63        1.267     -0.955    1.449     -0.974    1.927     -0.981    2.025     -0.73     -4.67     25.44     140.514   1.087     
125       1.060     -0.906    1.394     -0.969    1.747     -0.992    1.829     -4.13     -4.97     24.15     166.532             
250       1.666     -0.974    1.771     -0.984    2.124     -0.997    2.273     -1.85     -3.27     31.99     154.198             
500       1.440     -0.989    1.566     -0.991    2.034     -0.998    1.829     1.30      -1.33     42.40     108.398             
1000      1.231     -0.995    1.344     -0.996    1.543     -0.997    1.662     0.44      -1.77     39.94     112.794             
2000      1.214     -0.991    1.345     -0.999    1.370     -0.999    1.402     0.28      -3.49     30.92     115.315             
4000      1.142     -0.996    1.222     -1.000    1.209     -0.999    1.244     0.93      -2.50     35.97     101.698             
8000      1.038     -1.000    1.031     -1.000    1.037     -1.000    1.007     3.40      0.32      51.85     72.961              
