ROOM ACOUSTICAL PARAMETERS

F (Hz)    T30 (s)   rT30      T20 (s)   rT20      T10 (s)   rT10      EDT (s)   C80 (dB)  C50 (dB)  D50 (%)   Ts (ms)   BR        
63        0.772     -0.850    0.864     -0.919    1.162     -0.960    1.301     -0.26     -1.96     38.88     185.040   0.902     
125       1.119     -0.958    1.203     -0.972    1.690     -0.971    1.616     0.34      -2.39     36.58     161.161             
250       1.114     -0.965    1.210     -0.986    1.423     -0.994    1.590     -3.11     -5.08     23.69     159.725             
500       1.302     -0.982    1.457     -0.998    1.556     -0.997    1.632     -0.06     -3.50     30.87     121.696             
1000      1.132     -0.995    1.220     -0.999    1.297     -0.999    1.343     -0.51     -3.46     31.07     111.168             
2000      1.193     -0.994    1.314     -1.000    1.351     -0.999    1.197     1.83      -0.88     44.98     94.424              
4000      1.122     -0.998    1.168     -1.000    1.185     -0.999    1.092     2.06      -1.62     40.77     85.458              
8000      0.985     -1.000    0.992     -1.000    0.968     -1.000    0.914     3.83      0.85      54.86     70.868              
