ROOM ACOUSTICAL PARAMETERS

F (Hz)    T30 (s)   rT30      T20 (s)   rT20      T10 (s)   rT10      EDT (s)   C80 (dB)  C50 (dB)  D50 (%)   Ts (ms)   BR        
63        1.544     -0.963    1.617     -0.981    1.951     -0.986    2.805     -2.83     -6.22     19.28     198.160   1.137     
125       1.592     -0.953    1.762     -0.990    1.971     -0.997    2.437     -0.97     -3.89     28.99     161.073             
250       1.294     -0.967    1.420     -0.988    1.648     -0.990    1.853     1.18      -3.21     32.30     126.084             
500       1.293     -0.989    1.390     -0.998    1.480     -0.999    1.618     1.28      -1.56     41.12     110.124             
1000      1.303     -0.994    1.410     -0.998    1.555     -0.999    1.554     0.67      -2.30     37.08     109.163             
2000      1.228     -0.992    1.347     -0.999    1.415     -0.999    1.429     1.88      -1.27     42.75     93.285              
4000      1.167     -0.996    1.257     -0.999    1.260     -0.998    1.278     1.55      -1.22     43.00     92.718              
8000      1.051     -0.999    1.071     -1.000    1.064     -1.000    1.049     4.11      1.20      56.86     68.284              
