ROOM ACOUSTICAL PARAMETERS

F (Hz)    T30 (s)   rT30      T20 (s)   rT20      T10 (s)   rT10      EDT (s)   C80 (dB)  C50 (dB)  D50 (%)   Ts (ms)   BR        
63        0.411     -0.931    0.420     -0.936    0.530     -0.889    0.522     -0.96     -2.02     38.57     179.264   1.057     
125       1.157     -0.964    1.257     -0.979    1.686     -0.984    1.756     -1.92     -7.33     15.60     166.451             
250       1.558     -0.983    1.701     -0.993    1.744     -0.994    1.781     -3.28     -5.34     22.64     152.646             
500       1.322     -0.977    1.467     -0.995    1.614     -0.995    1.686     -0.06     -4.04     28.30     124.624             
1000      1.221     -0.992    1.333     -0.999    1.434     -0.999    1.424     0.29      -3.33     31.74     110.530             
2000      1.205     -0.994    1.304     -0.999    1.283     -0.999    1.163     0.40      -2.47     36.17     100.231             
4000      1.136     -0.998    1.200     -1.000    1.179     -0.999    1.144     2.15      -0.91     44.78     88.714              
8000      0.989     -1.000    0.983     -1.000    0.948     -0.999    0.947     3.01      0.04      50.22     75.446              
