ROOM ACOUSTICAL PARAMETERS

F (Hz)    T30 (s)   rT30      T20 (s)   rT20      T10 (s)   rT10      EDT (s)   C80 (dB)  C50 (dB)  D50 (%)   Ts (ms)   BR        
63        1.466     -0.963    1.610     -0.977    1.942     -0.986    2.814     -2.78     -6.15     19.51     196.684   1.206     
125       1.588     -0.949    1.777     -0.992    1.937     -0.997    2.444     -0.72     -3.77     29.59     159.117             
250       1.372     -0.966    1.497     -0.989    1.700     -0.994    1.836     1.49      -3.34     31.67     123.491             
500       1.250     -0.988    1.350     -0.996    1.414     -0.995    1.647     1.21      -1.47     41.64     108.902             
1000      1.250     -0.988    1.366     -0.999    1.471     -0.999    1.524     0.41      -2.33     36.89     109.972             
2000      1.195     -0.991    1.328     -0.999    1.346     -0.999    1.376     2.02      -1.66     40.58     92.357              
4000      1.163     -0.997    1.241     -1.000    1.270     -1.000    1.329     2.11      -0.63     46.40     89.726              
8000      1.023     -1.000    1.058     -1.000    1.057     -0.999    1.074     3.80      0.99      55.68     68.468              
