ROOM ACOUSTICAL PARAMETERS

F (Hz)    T30 (s)   rT30      T20 (s)   rT20      T10 (s)   rT10      EDT (s)   C80 (dB)  C50 (dB)  D50 (%)   Ts (ms)   BR        
63        0.238     -0.401    0.251     -0.416    0.402     -0.387    0.359     -0.19     -1.62     40.78     168.169   1.144     
125       1.648     -0.956    1.753     -0.982    1.912     -0.995    1.749     -7.40     -9.78     9.52      213.523             
250       1.362     -0.975    1.449     -0.984    1.816     -0.991    1.949     -2.67     -5.40     22.38     156.174             
500       1.275     -0.985    1.424     -0.996    1.697     -0.992    1.945     0.22      -2.09     38.22     123.198             
1000      1.238     -0.990    1.376     -0.998    1.421     -0.997    1.631     1.07      -0.79     45.49     103.009             
2000      1.177     -0.994    1.287     -0.999    1.347     -0.999    1.392     0.66      -2.16     37.80     103.587             
4000      1.141     -0.998    1.202     -1.000    1.244     -0.999    1.270     2.14      -0.93     44.69     86.542              
8000      1.027     -1.000    1.024     -1.000    1.009     -1.000    1.029     3.06      0.02      50.10     73.290              
