ROOM ACOUSTICAL PARAMETERS

F (Hz)    T30 (s)   rT30      T20 (s)   rT20      T10 (s)   rT10      EDT (s)   C80 (dB)  C50 (dB)  D50 (%)   Ts (ms)   BR        
63        1.483     -0.964    1.578     -0.975    1.926     -0.987    2.805     -2.88     -6.21     19.30     198.671   1.150     
125       1.593     -0.945    1.788     -0.991    1.992     -0.998    2.421     -0.94     -3.74     29.69     161.914             
250       1.418     -0.972    1.472     -0.987    1.813     -0.994    1.864     2.06      -2.54     35.78     117.922             
500       1.313     -0.985    1.471     -0.997    1.591     -0.997    1.636     0.90      -1.45     41.74     109.753             
1000      1.234     -0.992    1.365     -0.999    1.468     -0.999    1.515     1.09      -2.03     38.54     105.246             
2000      1.236     -0.993    1.364     -0.998    1.510     -0.999    1.416     2.61      -1.15     43.41     88.126              
4000      1.157     -0.997    1.220     -1.000    1.217     -1.000    1.266     2.12      -0.18     48.96     87.700              
8000      1.024     -1.000    1.026     -1.000    1.065     -0.999    1.077     4.28      1.46      58.33     66.573              
