ROOM ACOUSTICAL PARAMETERS

F (Hz)    T30 (s)   rT30      T20 (s)   rT20      T10 (s)   rT10      EDT (s)   C80 (dB)  C50 (dB)  D50 (%)   Ts (ms)   BR        
63        1.526     -0.984    1.586     -0.993    1.607     -0.989    2.012     -1.52     -5.28     22.89     170.359   1.048     
125       1.399     -0.952    1.558     -0.974    2.009     -0.984    2.388     -1.06     -2.83     34.24     168.855             
250       1.279     -0.980    1.374     -0.988    1.617     -0.996    1.823     0.45      -1.94     39.03     119.062             
500       1.399     -0.994    1.476     -0.997    1.666     -0.989    1.899     -0.65     -3.70     29.89     128.010             
1000      1.204     -0.991    1.321     -0.997    1.506     -0.999    1.538     1.14      -1.43     41.87     105.058             
2000      1.170     -0.987    1.312     -1.000    1.327     -1.000    1.378     1.75      -0.06     49.64     92.073              
4000      1.149     -0.997    1.229     -0.999    1.252     -1.000    1.269     2.17      -0.48     47.22     88.129              
8000      1.017     -1.000    1.023     -1.000    1.014     -1.000    0.982     3.21      -0.03     49.82     71.513              
