ROOM ACOUSTICAL PARAMETERS

F (Hz)    T30 (s)   rT30      T20 (s)   rT20      T10 (s)   rT10      EDT (s)   C80 (dB)  C50 (dB)  D50 (%)   Ts (ms)   BR        
63        1.505     -0.989    1.553     -0.995    1.596     -0.991    1.985     -1.34     -5.13     23.47     166.116   1.056     
125       1.434     -0.959    1.522     -0.974    2.057     -0.988    2.361     -1.31     -3.10     32.88     171.871             
250       1.320     -0.980    1.500     -0.993    1.631     -0.995    1.663     0.27      -2.46     36.21     118.061             
500       1.329     -0.987    1.521     -0.994    1.790     -0.995    1.695     -0.05     -3.66     30.09     122.288             
1000      1.217     -0.992    1.340     -0.998    1.457     -0.999    1.415     1.24      -1.36     42.23     99.663              
2000      1.183     -0.994    1.290     -0.999    1.246     -0.999    1.311     2.16      0.20      51.13     87.060              
4000      1.131     -0.997    1.208     -0.999    1.265     -0.997    1.282     2.20      -0.57     46.71     87.910              
8000      0.993     -1.000    1.002     -1.000    1.003     -1.000    0.972     3.36      -0.08     49.56     70.984              
