ROOM ACOUSTICAL PARAMETERS

F (Hz)    T30 (s)   rT30      T20 (s)   rT20      T10 (s)   rT10      EDT (s)   C80 (dB)  C50 (dB)  D50 (%)   Ts (ms)   BR        
63        1.614     -0.929    1.790     -0.962    2.437     -0.987    2.637     -0.06     -2.00     38.69     173.385   1.257     
125       1.877     -0.973    1.920     -0.981    2.239     -0.993    2.104     0.23      -2.34     36.83     156.050             
250       1.403     -0.946    1.589     -0.984    1.912     -0.996    1.966     -3.47     -6.85     17.12     167.471             
500       1.250     -0.977    1.409     -0.997    1.484     -0.996    1.584     -0.30     -3.05     33.11     124.700             
1000      1.229     -0.991    1.382     -0.999    1.347     -0.999    1.388     0.47      -1.87     39.39     106.051             
2000      1.188     -0.994    1.302     -0.999    1.387     -0.998    1.316     1.84      -1.11     43.64     89.851              
4000      1.187     -0.997    1.251     -1.000    1.205     -0.999    1.135     2.11      -0.04     49.79     79.571              
8000      0.979     -1.000    0.972     -1.000    0.971     -1.000    0.995     3.66      0.78      54.48     65.808              
