ROOM ACOUSTICAL PARAMETERS

F (Hz)    T30 (s)   rT30      T20 (s)   rT20      T10 (s)   rT10      EDT (s)   C80 (dB)  C50 (dB)  D50 (%)   Ts (ms)   BR        
63        0.846     -0.824    0.879     -0.864    0.952     -0.905    0.822     -2.25     -4.63     25.63     196.965   0.989     
125       1.136     -0.960    1.199     -0.981    1.500     -0.996    1.759     -7.34     -9.07     11.02     226.800             
250       1.388     -0.954    1.584     -0.983    1.990     -0.983    2.131     -2.34     -4.00     28.46     152.360             
500       1.281     -0.987    1.476     -0.997    1.733     -0.998    1.499     -0.74     -4.04     28.31     123.178             
1000      1.214     -0.992    1.338     -0.999    1.376     -0.996    1.385     1.48      -1.64     40.67     98.079              
2000      1.130     -0.995    1.223     -1.000    1.234     -0.999    1.275     0.74      -1.82     39.67     100.814             
4000      1.115     -0.998    1.165     -1.000    1.118     -0.999    1.140     1.19      -1.59     40.92     92.217              
8000      0.999     -1.000    1.020     -1.000    1.005     -0.999    0.949     2.85      -0.40     47.68     74.932              
