ROOM ACOUSTICAL PARAMETERS

F (Hz)    T30 (s)   rT30      T20 (s)   rT20      T10 (s)   rT10      EDT (s)   C80 (dB)  C50 (dB)  D50 (%)   Ts (ms)   BR        
63        2.522     -0.961    2.522     -0.961    2.837     -0.982    2.757     -10.05    -12.15    5.74      265.390   1.022     
125       1.573     -0.911    1.658     -0.932    2.289     -0.991    2.715     -3.01     -4.48     26.27     193.713             
250       1.184     -0.966    1.274     -0.989    1.448     -0.997    1.400     -0.75     -3.64     30.17     124.688             
500       1.315     -0.984    1.518     -0.996    1.576     -0.998    1.669     1.72      -1.69     40.39     110.036             
1000      1.199     -0.991    1.350     -0.999    1.370     -0.998    1.386     1.56      -1.56     41.13     95.199              
2000      1.179     -0.995    1.289     -0.999    1.359     -0.998    1.288     3.08      0.76      54.38     80.438              
4000      1.125     -0.998    1.181     -1.000    1.225     -0.999    1.249     2.68      0.51      52.93     79.146              
8000      0.985     -1.000    0.989     -1.000    0.956     -1.000    0.972     3.81      1.13      56.46     66.893              
