ROOM ACOUSTICAL PARAMETERS

F (Hz)    T30 (s)   rT30      T20 (s)   rT20      T10 (s)   rT10      EDT (s)   C80 (dB)  C50 (dB)  D50 (%)   Ts (ms)   BR        
63        2.570     -0.962    2.570     -0.962    2.883     -0.982    2.718     -9.72     -11.82    6.18      259.384   0.859     
125       1.177     -0.935    1.206     -0.951    1.573     -0.975    2.009     -2.94     -4.37     26.75     196.626             
250       1.178     -0.962    1.289     -0.988    1.424     -0.995    1.378     -0.66     -3.54     30.66     125.457             
500       1.416     -0.990    1.573     -0.996    1.755     -0.998    1.675     2.07      -1.26     42.82     107.666             
1000      1.208     -0.991    1.332     -0.997    1.495     -0.998    1.473     1.85      -1.53     41.27     96.110              
2000      1.233     -0.996    1.310     -0.999    1.348     -0.999    1.415     2.88      0.63      53.61     84.098              
4000      1.168     -0.997    1.246     -0.999    1.305     -0.999    1.340     2.83      0.56      53.21     81.083              
8000      1.003     -1.000    1.013     -1.000    0.987     -0.999    1.007     3.33      0.77      54.39     69.826              
