ROOM ACOUSTICAL PARAMETERS

F (Hz)    T30 (s)   rT30      T20 (s)   rT20      T10 (s)   rT10      EDT (s)   C80 (dB)  C50 (dB)  D50 (%)   Ts (ms)   BR        
63        0.204     -0.516    0.218     -0.524    0.339     -0.416    0.374     -1.14     -2.53     35.81     185.773   1.019     
125       1.077     -0.954    1.254     -0.986    1.523     -0.996    1.580     -7.97     -10.04    9.02      226.518             
250       1.337     -0.977    1.474     -0.989    1.862     -0.995    1.942     -0.95     -3.31     31.82     141.746             
500       1.268     -0.984    1.385     -0.992    1.775     -0.991    1.697     -0.51     -3.45     31.15     123.296             
1000      1.195     -0.993    1.293     -0.999    1.366     -0.998    1.418     1.22      -1.59     40.96     98.712              
2000      1.123     -0.995    1.208     -0.999    1.168     -0.998    1.363     0.39      -2.18     37.69     103.551             
4000      1.125     -0.998    1.167     -0.999    1.160     -0.999    1.209     1.85      -0.97     44.46     88.422              
8000      1.008     -1.000    1.004     -1.000    0.994     -1.000    0.996     2.84      -0.31     48.23     74.234              
